
3001488.000000 2029212.000000 1916077.000000 2523211.000000 2470515.000000 
2526062.000000 1603607.000000 2127091.000000 630195.000000 1136147.000000 
3951356.000000 3282707.000000 2268166.000000 2362962.000000 2581136.000000 
2120325.000000 2845196.000000 1880757.000000 1804790.000000 1038329.000000 
2915273.000000 2961762.000000 2799901.000000 2005102.000000 3540207.000000 
2633102.000000 2424697.000000 2631436.000000 2251054.000000 1764406.000000 
2803161.000000 2338856.000000 2216337.000000 2049585.000000 1922472.000000 
2135013.000000 1739937.000000 2373629.000000 2371458.000000 2017271.000000 
2007968.000000 1761107.000000 1056091.000000 1349069.000000 1750445.000000 
3348447.000000 3153069.000000 2007365.000000 2605291.000000 2041795.000000 
2803537.000000 1769005.000000 3059991.000000 3792117.000000 2076662.000000 
2671161.000000 2083350.000000 2729165.000000 1421566.000000 1415925.000000 